17656483189
17656483234
17656483093
17656483911
17656483788
17656484258
17656484295
17656484311
17656484586
17656485102
17656485118
17656485780
17656485044
17656485818
17656485873
17656485342
17656486022
17656486148
17656486731
17656486936
17656486402
17656486482
17656487365
17656487466
17656486761
17656486919
17656486983
17656487886
17656487173
17656488033
17653750923
17654853605
17656264264
17656264320
17656264377
17656264484
17656264562
17656264615
17656264753
17656264805
17656264836
17656264852
17656264872
17656265021
17656265082
17656265748
17656265770
17656265818
17656265875
17656265907
17656265962
17656265995
17656266017
17656266061
17656266074
17656266189
17656266221
17655758599
17655758794
17655758878
17655758988
17655758997
17655759007
17655759016
17653707968
17653708079
17653708115
17653708137
17653708217
17653708625
17653708682
17653708858
17653708932
17653708951
17653708986
17652381428
17652381860
17652381906
17652381933
17652382028
17652382102
17652382125
17654298816
17656403123
17656403137
17656660858
17656660972
17656661006
17656661034
17656661060
17656699179
17656699198
17656699249
17653744723
17653745191
17654596097
17653668417
17653670308
17653670445
17653670502
17653670670
17653670831
17654124540
17654125392
17654126380
17652494780
17652494868
17652495405
17652495590
17652495658
17652495670
17652495746
17652495786
17652496159
17652496675
17652496870
17652496923
17652496933
17652496980
17652497192
17652497233
17652497315
17652497558
17652497566
17652497581
17652497656
17652497820
17652497829
17652497858
17653476022
17653476210
17653476250
17653476536
17653476712
17653476901
17653477014
17653477275
17653478522
17653478696
17653478941
17653479307
17653479790
17654420974
17654420974
17654665512
17652135423
17652135423
17652135677
17652135677
17652135740
17652135740
17652135799
17652135799
17652135850
17652135850
17652136124
17652136124
17652136175
17652136175
17652136436
17652136436
17654310804
17654310804
17654132981
17654132981
17654133139
17654133139
17654133204
17654133204
17654133727
17654133727
17654133827
17654133827
17656053446
17656053446
17656054355
17656054355
17656054634
17656054634
17654582386
17654584297
17655970966
17655970966
17656653442
17656653442
17656653483
17656653483
17656653685
17656653685
17653088723
17655784765
17655701731
17655743715
17654483905
17653820059
17653497409
17653497470
17653498185
17654565087
17653029423
17653029423
17653029748
17653029748
17652092305
17652510132
17654530117
17654530231
17654530415
17654530797
17654531174
17654531821
17654484979
17654484979
17652651493
17652651650
17652651835
17652651872
17652651891
17652652743
17652652798
17652652944
17652653396
17652653549
17652653568
17652653748
17652653994
17652655180
17652656052
17652656097
17652656595
17652656656
17652657325
17652657443
17652657587
17652658179
17652658612
17652658643
17652658699
17652651353
17652651597
17652651700
17652652272
17652652489
17652652543
17652653312
17652653673
17652653731
17652654436
17652654490
17652654608
17652654874
17652654937
17652655998
17652656202
17652656315
17652657217
17652658208
17652658665
17652658707
17652658916
17652652774
17652652795
17652652838
17652654484
17652654900
17652655090
17652655153
17652655295
17652655347
17652655639
17652655765
17652655784
17652655895
17652655911
17652656381
17652656964
17652657177
17652657373
17652657669
17652651718
17652652599
17652653189
17652653280
17652653298
17652653839
17652653911
17652655289
17652655323
17652655569
17652655602
17652655686
17652655800
17652656091
17652656293
17652656462
17652656480
17652656837
17652656985
17652657000
17652657035
17652657066
17652657311
17652657788
17652658214
17652658406
17652658772
17652659016
17652659087
17652659276
17652659331
17652659386
17652659401
17652652159
17652652379
17652652556
17652652869
17652653045
17652653163
17652653349
17652653702
17652653771
17652653791
17652653810
17652653958
17652653989
17652654202
17652655436
17652655732
17652655825
17652656051
17652656235
17652656538
17652656807
17652653370
17652653580
17652653886
17652654275
17652655631
17652656588
17652656634
17652656791
17652656922
17652656951
17652658251
17652658359
17652658431
17652658816
17652659189
17652659322
17652659419
17652651349
17652651715
17652651999
17652652044
17652652132
17652652285
17652652300
17652652450
17652652552
17652652611
17652652769
17652652877
17652653147
17652653191
17652653315
17652653809
17652654067
17652654489
17652654538
17652655141
17652655278
17652655595
17652655994
17652656661
17652657388
17652657474
17652651458
17652651977
17652652881
17652654376
17652654565
17652654961
17652655077
17652655196
17652655215
17652655312
17652655345
17652655359
17652655391
17652655408
17652655513
17652655586
17652656029
17652656108
17652656136
17652656218
17652656375
17652656862
17652657264
17652657380
17652657495
17652657917
17652658165
17652653907
17652654653
17652654920
17652655064
17652655402
17652657147
17652657241
17652657268
17652657795
17652657876
17652658060
17652658075
17652658150
17652658382
17652658478
17652658511
17652659245
17652659320
17652659349
17652659438
17652659688
17652659815
17652659902
17652659969
17652659994
17652652306
17652652915
17652653252
17652653649
17652653910
17652655112
17652655269
17652655834
17652656134
17652656687
17652656814
17652656830
17652656999
17652657014
17652657067
17652657464
17652657837
17652658295
17652658338
17652658352
17652658435
17652658507
17652658765
17652658781
17652659023
17652652135
17652652635
17652652652
17652653862
17652653927
17652654332
17652654348
17652654367
17652654627
17652655316
17652655832
17652655884
17652655938
17652656447
17652656461
17652656536
17652656635
17652665182
17652662853
17652656939
17652663708
17652663807
17652663152
17652664067
17652664570
17652663685
17652665170
17652664482
17652665475
17652665200
17652665150
17652665422
17652665408
17656112911
17656113044
17656113067
17656113266
17656113389
17656113505
17656113517
17656116507
17656116695
17656116588
17656116761
17655949487
17654313604
17654447977
